0 0.191667 0.202247 0.167778 0.106231
0 0.498333 0.196118 0.181111 0.132789
0 0.786667 0.189479 0.175556 0.146067
0 0.191667 0.467314 0.167778 0.131767
0 0.481667 0.468335 0.178889 0.158325
0 0.775556 0.462717 0.162222 0.165475
0 0.188333 0.766088 0.150000 0.098059
0 0.477778 0.744637 0.175556 0.153218
0 0.777778 0.740041 0.191111 0.139939
1 0.494444 0.301328 0.220000 0.071502
1 0.484444 0.854954 0.166667 0.055158
1 0.786111 0.850868 0.185556 0.055158
1 0.185556 0.853422 0.208889 0.052094
1 0.187778 0.577630 0.180000 0.052094
1 0.489444 0.577120 0.230000 0.053115
1 0.786111 0.579162 0.165556 0.055158
1 0.783889 0.302349 0.185556 0.057201
1 0.198889 0.297242 0.231111 0.051073
