1 0.178333 0.256453 0.158889 0.050505
1 0.487778 0.256453 0.251111 0.061728
1 0.800000 0.262065 0.264444 0.054994
1 0.178333 0.558923 0.181111 0.060606
1 0.485000 0.551627 0.265556 0.061728
1 0.790556 0.558361 0.185556 0.059484
1 0.182778 0.849046 0.216667 0.063973
1 0.481667 0.845118 0.265556 0.060606
1 0.785000 0.847363 0.194444 0.056117
0 0.172222 0.144220 0.151111 0.176207
0 0.485000 0.145903 0.163333 0.145903
0 0.798333 0.146465 0.181111 0.151515
0 0.181667 0.447811 0.192222 0.141414
0 0.489444 0.440516 0.190000 0.142536
0 0.796111 0.447811 0.190000 0.143659
0 0.174444 0.729517 0.180000 0.157127
0 0.488889 0.735690 0.175556 0.147026
0 0.786111 0.737374 0.176667 0.170595
