1 0.155000 0.243358 0.130000 0.061637
1 0.467778 0.240170 0.151111 0.061637
1 0.778889 0.247609 0.328889 0.080765
1 0.154444 0.535069 0.282222 0.049947
1 0.468889 0.530818 0.124444 0.054198
1 0.788333 0.534538 0.167778 0.053135
1 0.312778 0.834219 0.156667 0.061637
1 0.629444 0.834219 0.156667 0.059511
0 0.150556 0.128055 0.185556 0.166844
0 0.452778 0.130712 0.205556 0.148778
0 0.780556 0.129649 0.170000 0.131775
0 0.146667 0.419235 0.120000 0.156217
0 0.460000 0.416578 0.162222 0.163656
0 0.786667 0.415515 0.186667 0.172157
0 0.305000 0.713071 0.187778 0.167906
0 0.622222 0.721573 0.133333 0.119022
