0 0.152778 0.157817 0.218889 0.168142
0 0.492222 0.153884 0.191111 0.170108
0 0.840000 0.157325 0.177778 0.169125
0 0.188333 0.469027 0.190000 0.159292
0 0.516111 0.471485 0.203333 0.170108
0 0.828889 0.464110 0.186667 0.151426
0 0.218333 0.752212 0.178889 0.135693
0 0.533889 0.752212 0.181111 0.147493
0 0.840556 0.749263 0.167778 0.155359
1 0.164444 0.283186 0.186667 0.053097
1 0.495556 0.291052 0.328889 0.084562
1 0.823889 0.288594 0.307778 0.077679
1 0.196667 0.590954 0.317778 0.076696
1 0.525556 0.591445 0.297778 0.073746
1 0.840000 0.583579 0.268889 0.087512
1 0.222778 0.860865 0.252222 0.075713
1 0.539444 0.864307 0.238889 0.082596
1 0.833333 0.866765 0.302222 0.077679
