0 0.230556 0.194393 0.201111 0.147664
0 0.540000 0.194393 0.197778 0.149533
0 0.846111 0.182243 0.174444 0.157009
0 0.240556 0.474766 0.214444 0.143925
0 0.535556 0.467290 0.175556 0.147664
0 0.848333 0.464019 0.158889 0.142991
0 0.224444 0.745327 0.186667 0.146729
0 0.540556 0.742991 0.214444 0.160748
0 0.847778 0.735514 0.166667 0.158879
1 0.236111 0.307009 0.147778 0.057009
1 0.547778 0.299065 0.153333 0.048598
1 0.853889 0.296262 0.105556 0.054206
1 0.240000 0.585514 0.126667 0.060748
1 0.550000 0.581776 0.217778 0.058879
1 0.840000 0.575701 0.217778 0.063551
1 0.235000 0.851402 0.212222 0.050467
1 0.549444 0.850000 0.223333 0.049533
1 0.862222 0.847196 0.200000 0.049533
