1 0.186667 0.264008 0.195556 0.053181
1 0.501111 0.279677 0.173333 0.063628
1 0.794444 0.293922 0.213333 0.063628
1 0.190000 0.556980 0.208889 0.059829
1 0.500000 0.565052 0.188889 0.055081
1 0.791667 0.573599 0.165556 0.058879
1 0.339444 0.847578 0.210000 0.059829
1 0.646111 0.847578 0.194444 0.054131
0 0.192222 0.151947 0.182222 0.134853
0 0.501667 0.170465 0.154444 0.135802
0 0.796111 0.186135 0.150000 0.134853
0 0.185000 0.443495 0.174444 0.132953
0 0.502222 0.450617 0.157778 0.143400
0 0.793889 0.462488 0.163333 0.144349
0 0.337222 0.737892 0.165556 0.138651
0 0.637778 0.738841 0.160000 0.140551
