0 0.150556 0.223584 0.207778 0.147929
0 0.486111 0.210059 0.158889 0.136095
0 0.822778 0.205833 0.198889 0.146238
0 0.163889 0.495773 0.198889 0.134404
0 0.498889 0.489856 0.177778 0.156382
0 0.831111 0.488166 0.200000 0.139476
0 0.192222 0.765427 0.182222 0.153001
0 0.515556 0.760355 0.197778 0.134404
0 0.841111 0.756551 0.171111 0.155537
1 0.162222 0.330938 0.206667 0.058326
1 0.497778 0.324176 0.126667 0.051564
1 0.836667 0.315300 0.177778 0.055790
1 0.180000 0.603128 0.182222 0.056636
1 0.511111 0.603128 0.166667 0.053254
1 0.837222 0.603128 0.285556 0.076923
1 0.206111 0.867287 0.210000 0.045647
1 0.518333 0.863483 0.225556 0.061708
1 0.847222 0.861369 0.181111 0.054100
