0 0.150556 0.201598 0.181111 0.138158
0 0.475556 0.200658 0.202222 0.128759
0 0.812222 0.198778 0.148889 0.140038
0 0.157222 0.487312 0.187778 0.140038
0 0.481111 0.480263 0.180000 0.142857
0 0.813333 0.455827 0.184444 0.095865
0 0.173889 0.753289 0.187778 0.078008
0 0.696667 0.745771 0.328889 0.089286
1 0.151667 0.321429 0.163333 0.056391
1 0.487778 0.316729 0.160000 0.060150
1 0.812778 0.311090 0.156667 0.052632
1 0.168333 0.598214 0.163333 0.051692
1 0.485556 0.590226 0.197778 0.058271
1 0.821667 0.586466 0.192222 0.062030
1 0.177222 0.858083 0.161111 0.060150
1 0.690556 0.852444 0.223333 0.060150
