1 0.180000 0.292261 0.148889 0.057026
1 0.483333 0.300916 0.153333 0.051935
1 0.789444 0.304990 0.163333 0.056008
1 0.175000 0.573829 0.163333 0.053971
1 0.474444 0.573320 0.213333 0.048880
1 0.778889 0.577393 0.133333 0.048880
1 0.169444 0.844705 0.143333 0.058045
1 0.470556 0.849796 0.141111 0.049898
1 0.776111 0.847251 0.150000 0.059063
0 0.179444 0.190937 0.165556 0.129328
0 0.475000 0.191446 0.178889 0.136456
0 0.784444 0.194501 0.177778 0.138493
0 0.172222 0.452138 0.162222 0.122200
0 0.476111 0.464868 0.181111 0.153768
0 0.777778 0.466395 0.160000 0.148676
0 0.168333 0.737780 0.161111 0.149695
0 0.468889 0.737271 0.173333 0.144603
0 0.781111 0.733707 0.166667 0.145621
