0 0.511667 0.201460 0.245556 0.148625
0 0.171111 0.480670 0.211111 0.150344
0 0.505000 0.472938 0.183333 0.131443
0 0.833889 0.467354 0.181111 0.151203
0 0.168889 0.748282 0.171111 0.128866
0 0.510000 0.746564 0.217778 0.156357
0 0.834444 0.739691 0.173333 0.139175
1 0.503333 0.310567 0.204444 0.059278
1 0.179444 0.590636 0.185556 0.054124
1 0.506667 0.580756 0.235556 0.048110
1 0.841111 0.578179 0.220000 0.048110
1 0.183333 0.858677 0.140000 0.050687
1 0.512222 0.854381 0.171111 0.057560
1 0.842222 0.851375 0.204444 0.060137
