0 0.190556 0.201655 0.158889 0.144778
0 0.475000 0.198035 0.147778 0.154085
0 0.752778 0.201655 0.125556 0.142709
0 0.172778 0.472596 0.156667 0.155119
0 0.476111 0.471044 0.150000 0.154085
0 0.773333 0.468976 0.182222 0.162358
0 0.185000 0.748707 0.165556 0.157187
0 0.479444 0.749741 0.163333 0.144778
0 0.771111 0.744054 0.180000 0.162358
1 0.191667 0.306618 0.172222 0.050672
1 0.486111 0.305584 0.112222 0.058945
1 0.787778 0.311272 0.113333 0.047570
1 0.182222 0.586867 0.120000 0.050672
1 0.487222 0.583764 0.105556 0.054809
1 0.782222 0.584798 0.102222 0.052740
1 0.187222 0.858842 0.101111 0.052740
1 0.482222 0.858842 0.115556 0.050672
1 0.781111 0.860393 0.133333 0.053775
