1 0.161111 0.335030 0.204444 0.047498
1 0.506111 0.328244 0.216667 0.050891
1 0.845556 0.323155 0.231111 0.050891
1 0.183889 0.606870 0.207778 0.056828
1 0.523889 0.605598 0.274444 0.050891
1 0.858333 0.603053 0.205556 0.050891
1 0.201667 0.864716 0.196667 0.058524
1 0.531111 0.868957 0.213333 0.046650
1 0.859444 0.862595 0.216667 0.062765
0 0.153889 0.222646 0.227778 0.150127
0 0.499444 0.214589 0.238889 0.154368
0 0.831667 0.213316 0.212222 0.150127
0 0.171111 0.503817 0.211111 0.152672
0 0.512778 0.507209 0.203333 0.130619
0 0.852222 0.503393 0.188889 0.131467
0 0.186667 0.765903 0.204444 0.132316
0 0.525556 0.782019 0.208889 0.113656
0 0.861667 0.779474 0.181111 0.103478
