0 0.111667 0.229730 0.172222 0.150047
0 0.447778 0.232060 0.153333 0.173346
0 0.796111 0.231594 0.163333 0.157502
0 0.146667 0.516775 0.166667 0.150047
0 0.474444 0.531221 0.140000 0.128611
0 0.797778 0.520037 0.206667 0.139795
0 0.482778 0.774464 0.392222 0.143523
1 0.121111 0.345294 0.153333 0.054986
1 0.450556 0.350885 0.287778 0.047530
1 0.793889 0.349021 0.265556 0.060578
1 0.168333 0.620690 0.125556 0.050326
1 0.482222 0.626281 0.308889 0.050326
1 0.797222 0.630475 0.243333 0.056850
1 0.498889 0.876048 0.440000 0.057782
