0 0.178889 0.214620 0.202222 0.144330
0 0.506667 0.209934 0.213333 0.153702
0 0.832778 0.205248 0.167778 0.146204
0 0.184444 0.488754 0.153333 0.147142
0 0.513889 0.485942 0.172222 0.145267
0 0.831111 0.482193 0.168889 0.143393
0 0.196667 0.754452 0.155556 0.144330
0 0.518889 0.756795 0.157778 0.143393
0 0.837778 0.756795 0.153333 0.143393
1 0.190556 0.320525 0.134444 0.050609
1 0.507778 0.319588 0.137778 0.048735
1 0.840556 0.317713 0.141111 0.050609
1 0.195000 0.597938 0.107778 0.050609
1 0.524444 0.588566 0.126667 0.056232
1 0.838333 0.594658 0.143333 0.047798
1 0.197222 0.863168 0.152222 0.048735
1 0.516667 0.862699 0.155556 0.055295
1 0.830000 0.865511 0.175556 0.040300
