1 0.146111 0.284387 0.176667 0.055762
1 0.478333 0.285781 0.154444 0.058550
1 0.819444 0.291822 0.114444 0.061338
1 0.171111 0.586896 0.173333 0.054833
1 0.500556 0.586431 0.185556 0.052045
1 0.821111 0.585037 0.206667 0.054833
1 0.196111 0.860595 0.203333 0.053903
1 0.507222 0.862454 0.218889 0.048327
1 0.819444 0.858736 0.205556 0.052045
0 0.139444 0.163104 0.165556 0.151487
0 0.477222 0.161245 0.176667 0.170074
0 0.816667 0.167286 0.195556 0.157993
0 0.158333 0.473978 0.187778 0.154275
0 0.483333 0.465613 0.171111 0.157993
0 0.819444 0.473978 0.181111 0.150558
0 0.191111 0.762082 0.191111 0.135688
0 0.504444 0.761152 0.186667 0.139405
0 0.825000 0.755576 0.181111 0.128253
