0 0.153889 0.219608 0.194444 0.117647
0 0.473333 0.216176 0.135556 0.157843
0 0.807222 0.223529 0.198889 0.152941
0 0.171111 0.503431 0.166667 0.155882
0 0.480000 0.507353 0.128889 0.153922
0 0.790000 0.504412 0.148889 0.134314
0 0.186111 0.777451 0.125556 0.131373
0 0.478889 0.773529 0.126667 0.141176
0 0.780556 0.768137 0.152222 0.140196
1 0.161111 0.327941 0.273333 0.050000
1 0.479444 0.333333 0.136667 0.054902
1 0.803889 0.338235 0.201111 0.050980
1 0.171667 0.613235 0.158889 0.055882
1 0.481111 0.615196 0.180000 0.053922
1 0.786667 0.609804 0.195556 0.054902
1 0.185000 0.872549 0.138889 0.047059
1 0.485556 0.874020 0.113333 0.046078
1 0.782778 0.868627 0.150000 0.049020
